0.5 690935 24613 31 0 690935 9259 70 0 690935 47644 15 0
1.0 851560 28796 32 0 851560 9849 91 0 851560 57217 15 0
1.5 891405 29833 32 0 891405 10004 97 0 891405 59576 15 0
2.0 899638 30016 32 0 899638 10019 98 0 899638 60011 15 0
2.5 904184 30146 32 0 904184 10052 99 0 904184 60287 15 0
3.0 905689 30191 31 0 905689 10065 99 0 905689 60381 15 0
3.5 905412 30145 32 0 905412 10048 98 0 905412 60289 15 0
4.0 903739 30177 32 0 903739 10059 98 0 903739 60353 15 0
4.5 904829 30173 32 0 904829 10058 99 0 904829 60347 15 0
5.0 906081 30206 32 0 906081 10069 99 0 906081 60411 15 0
5.5 905385 30180 31 0 905385 10060 99 0 905385 60360 15 0
6.0 905148 30207 32 0 905148 10069 98 0 905148 60415 15 0
6.5 903494 30125 32 0 903494 10042 98 0 903494 60250 15 0
7.0 902826 30096 32 0 902826 10032 99 0 902826 60192 15 0
7.5 905180 30173 32 0 905180 10058 99 0 905180 60346 15 0
8.0 903892 30130 32 0 903892 10043 99 0 903892 60260 15 0
8.5 905099 30154 32 0 905099 10051 98 0 905099 60309 15 0
9.0 905107 30193 32 0 905107 10064 98 0 905107 60386 15 0
9.5 905721 30196 32 0 905721 10065 98 0 905721 60392 15 0
10.0 905531 30211 32 0 905531 10070 99 0 905531 60422 15 0
10.5 903723 30215 32 0 903723 10071 99 0 903723 60429 15 0
11.0 902444 30140 32 0 902444 10047 98 0 902444 60279 14 0
11.5 904131 30151 32 0 904131 10050 98 0 904131 60303 15 0
12.0 903972 30136 32 0 903972 10045 98 0 903972 60271 15 0
12.5 904644 30156 32 0 904644 10052 99 0 904644 60311 15 0
13.0 905372 30179 31 0 905372 10060 99 0 905372 60359 15 0
13.5 905376 30231 32 0 905376 10077 98 0 905376 60462 15 0
14.0 903699 30136 32 0 903699 10045 98 0 903699 60271 15 0
14.5 905615 30107 32 0 905615 10036 98 0 905615 60213 15 0
15.0 903649 30138 32 0 903649 10046 99 0 903649 60276 15 0
15.5 906094 30207 32 0 906094 10069 99 0 906094 60414 15 0
16.0 903046 30073 32 0 903046 10024 98 0 903046 60146 15 0
16.5 904502 30192 32 0 904502 10064 98 0 904502 60383 15 0
17.0 905566 30112 32 0 905566 10037 99 0 905566 60224 15 0
17.5 903513 30126 32 0 903513 10042 99 0 903513 60252 15 0
18.0 903497 30119 32 0 903497 10039 99 0 903497 60237 15 0
18.5 903871 30193 32 0 903871 10064 98 0 903871 60385 14 0
19.0 903536 30145 32 0 903536 10048 98 0 903536 60290 15 0
19.5 905535 30191 32 0 905535 10064 98 0 905535 60382 15 0
20.0 904545 30153 32 0 904545 10051 99 0 904545 60306 15 0
20.5 230001 23303 2 0 905348 14460 62 0 905348 60357 15 0
21.0 69917 20866 0 0 903550 18767 46 0 903550 60332 15 0
21.5 31899 20259 0 0 902778 19761 45 0 902778 60240 15 0
22.0 22899 20137 0 0 903554 20018 46 0 903554 60283 15 0
22.5 20770 20115 0 0 904545 20087 46 0 904545 60314 15 0
23.0 20308 20153 0 0 904208 20146 45 0 904208 60451 14 0
23.5 20111 20074 0 0 902703 20072 46 0 902703 60221 15 0
24.0 20152 20143 0 0 905808 20143 46 0 905808 60429 15 0
24.5 20087 20085 0 0 903651 20085 43 0 903651 60253 15 0
25.0 20065 20064 0 0 903318 20064 42 0 903318 60193 15 0
25.5 20103 20103 0 0 903308 20103 42 0 903308 60309 14 0
26.0 20078 20078 0 0 905221 20078 42 0 905221 60235 15 0
26.5 21140 21140 0 0 903432 20085 42 0 903432 60255 15 0
27.0 20320 20320 0 0 903051 20070 42 0 903051 60210 15 0
27.5 20171 20171 0 0 904994 20112 42 0 904994 60334 14 0
28.0 20166 20166 0 0 906041 20152 42 0 906041 60456 15 0
28.5 20106 20106 0 0 904416 20102 42 0 904416 60307 15 0
29.0 20129 20129 0 0 905744 19074 47 0 905744 60386 15 0
29.5 20156 20156 0 0 907018 19906 46 0 907018 60468 16 0
30.0 20132 20132 0 0 903864 20073 45 0 903864 60396 15 0
30.5 20081 20081 0 0 904400 41440 20 0 238512 38353 0 0
31.0 20073 20073 0 0 904074 46209 20 0 79562 32063 0 0
31.5 20100 20100 0 0 903504 49306 18 0 41885 30613 0 0
32.0 20111 20111 0 0 904773 51948 16 0 32952 30277 0 0
32.5 20109 20109 0 0 906535 49869 17 0 30824 30189 0 0
33.0 20091 20091 0 0 904507 52633 17 0 30294 30143 0 0
33.5 20104 20104 0 0 903133 50031 11 0 30193 30157 0 0
34.0 20120 20120 0 0 905013 50245 11 0 30188 30180 0 0
34.5 20087 20087 0 0 903853 50206 21 0 31540 31538 0 0
35.0 20116 20116 0 0 902659 50286 21 0 30508 30507 0 0
35.5 20056 20056 0 0 902700 50139 20 0 30163 30163 0 0
36.0 20113 20113 0 0 900100 50283 20 0 30189 30189 0 0
36.5 20093 20093 0 0 903797 50233 23 0 30144 30144 0 0
37.0 20176 20176 0 0 907834 50440 22 0 30265 30265 0 0
37.5 19036 19036 0 0 904522 50252 22 0 30152 30152 0 0
38.0 19866 19866 0 0 905343 50297 22 0 30178 30178 0 0
38.5 20022 20022 0 0 903947 50205 18 0 31178 31178 0 0
39.0 20059 20059 0 0 902561 48289 21 0 30360 30360 0 0
39.5 20073 20073 0 0 903271 49742 21 0 30174 30174 0 0
40.0 20121 20121 0 0 905436 50198 19 0 30197 30197 0 0
